7.99992e-312 0
4.915e-07 1
4.99e-07 2
5.55e-07 3
6.124e-07 4
6.739e-07 5
7.383e-07 6
7.975e-07 7
8.555e-07 8
9.093e-07 9
9.632e-07 10
1.0232e-06 11
1.0809e-06 12
1.1339e-06 13
1.1908e-06 14
1.2458e-06 15
1.2954e-06 16
1.3719e-06 17
1.4114e-06 18
1.4956e-06 19
1.5234e-06 20
1.6144e-06 21
1.6388e-06 22
1.7155e-06 23
1.7504e-06 24
1.8103e-06 25
1.8615e-06 26
1.9379e-06 27
2.0115e-06 28
2.0268e-06 29
2.0623e-06 30
2.1251e-06 31
2.2039e-06 32
2.246e-06 33
2.3142e-06 34
2.3538e-06 35
2.4031e-06 36
2.4854e-06 37
2.4956e-06 38
2.5747e-06 39
2.6199e-06 40
2.6873e-06 41
2.7513e-06 42
0.000160351 43
3.636e-05 44
3.80942e-05 45
3.84313e-05 46
