5.30499e-313 0
4.5659e-310 1
1.47093e-309 2
5.30499e-313 3
3.8423e-310 4
2.35669e-310 5
5.30499e-313 6
1.15006e-309 7
1.87674e-309 8
7.00259e-313 9
5.53501e-310 10
1.74142e-309 11
8.60045e-311 12
7.00259e-313 13
1.10183e-309 14
9.83354e-310 15
7.0376e-310 16
7.00259e-313 17
1.01429e-309 18
1.50853e-309 19
7.09192e-310 20
7.00259e-313 21
1.55742e-309 22
1.13472e-309 23
1.33558e-309 24
7.00259e-313 25
2.03313e-309 26
1.56446e-309 27
1.05924e-309 28
7.00259e-313 29
1.0642e-309 30
6.26731e-310 31
1.10155e-309 32
8.70018e-313 33
9.41699e-310 34
1.97545e-309 35
1.10836e-309 36
3.67445e-310 37
8.70018e-313 38
1.44911e-309 39
1.29431e-309 40
2.79976e-310 41
1.82394e-309 42
8.70018e-313 43
2.9292e-310 44
1.94997e-309 45
1.15617e-309 46
