7.99992e-312 0
9.619e-06 1
3.789e-06 2
4.225e-06 3
4.791e-06 4
5.394e-06 5
6.103e-06 6
6.636e-06 7
7.191e-06 8
7.938e-06 9
8.275e-06 10
8.849e-06 11
9.587e-06 12
1e-05 13
1.0765e-05 14
1.1117e-05 15
1.2201e-05 16
2.6066e-05 17
1.276e-05 18
1.3363e-05 19
1.3925e-05 20
1.5009e-05 21
1.5516e-05 22
1.5584e-05 23
1.6197e-05 24
1.6867e-05 25
1.746e-05 26
1.7973e-05 27
1.864e-05 28
6.4291e-05 29
1.9228e-05 30
1.9784e-05 31
2.0614e-05 32
2.0932e-05 33
2.1703e-05 34
2.2101e-05 35
2.2558e-05 36
2.3248e-05 37
2.5449e-05 38
2.4473e-05 39
2.4856e-05 40
2.5336e-05 41
2.604e-05 42
0.000708722 43
0.000396931 44
0.000460935 45
0.000424196 46
